0_reference:
  autotune_cost: 25.832553671468293
  entropy: 2.4159487083184583
  fourier_L0_norm: 0.0031781927084924976
0_true:
  autotune_cost: 1984.5104485759439
  entropy: 2.7745992605793828
  fourier_L0_norm: 0.19904959814197964
2_reference:
  autotune_cost: 24.941182821585098
  entropy: 2.71138896208158
  fourier_L0_norm: 0.0031781927084924976
2_true:
  autotune_cost: 1983.7041609281405
  entropy: 2.7321801286066045
  fourier_L0_norm: 0.19904959814197964
