0:
  autotune_cost: 1984.5104485759439
  entropy: 4.014467156147514
  fourier_L0_norm: 0.19904959814197964
2:
  autotune_cost: 1983.7041609281405
  entropy: 3.2081795083439935
  fourier_L0_norm: 0.19904959814197964
