0_reference:
  autotune_cost: 4.059607933408433
  entropy: 2.6187836854363336
  fourier_L0_norm: 0.0
0_true:
  autotune_cost: 1990.7507193884278
  entropy: 2.7745992605793828
  fourier_L0_norm: 0.19967362522322804
2_reference:
  autotune_cost: 3.1655545397082565
  entropy: 2.5420524294630513
  fourier_L0_norm: 0.0
2_true:
  autotune_cost: 1989.9444317406244
  entropy: 2.7321801286066045
  fourier_L0_norm: 0.19967362522322804
